1800.0526 2.01808046596546
1799.01787537069 1.86052455144481
1797.98315074138 1.41065218518736
1796.94842611207 1.41951576839656
1795.91370148276 1.47686109446847
1794.87897685345 1.65563072116478
1793.84425222414 1.65806540792297
1792.80952759483 1.37044049365689
1791.77480296552 1.61256275642956
1790.74007833621 1.94949887272657
1789.7053537069 1.63662538436163
1788.67062907759 1.49367388838289
1787.63590444828 1.23809995158531
1786.60117981897 1.25434657122343
1785.56645518966 1.64338310753074
1784.53173056034 1.41257955725598
1783.49700593103 1.39574813689006
1782.46228130172 1.69108675366526
1781.42755667241 1.45455801427703
1780.3928320431 1.17952791070089
1779.35810741379 1.21957140537435
1778.32338278448 1.43904017783679
1777.28865815517 1.63278661240656
1776.25393352586 1.63664587345828
1775.21920889655 1.91856774080511
1774.18448426724 1.52221585193701
1773.14975963793 1.38868000390676
1772.11503500862 1.0175220670685
1771.08031037931 1.4868739995842
1770.04558575 1.45455801427703
1769.01086112069 1.38709824564566
1767.97613649138 1.60129703618616
1766.94141186207 1.71817466656635
1765.90668723276 1.91199143927358
1764.87196260345 1.15756541517506
1763.83723797414 1.0832053844545
1762.80251334483 1.24348185519769
1761.76778871552 1.3930298856909
1760.73306408621 1.47443830535618
1759.6983394569 1.27093617368278
1758.66361482759 1.32705729951315
1757.62889019828 1.29428103130643
1756.59416556897 0.97739358921009
1755.55944093966 1.52505761979266
1754.52471631034 1.73074833623384
1753.48999168103 1.44889059044628
1752.45526705172 1.38587157739929
1751.42054242241 1.50580308435154
1750.3858177931 1.57358862961959
1749.35109316379 1.46772419136663
1748.31636853448 1.52255862521067
1747.28164390517 1.42509064204644
1746.24691927586 1.45455801427703
1745.21219464655 1.2463220165219
1744.17747001724 1.6432260399785
1743.14274538793 1.61262296643402
1742.10802075862 1.43523321054765
1741.07329612931 1.91575572870573
1740.0385715 1.66258143765446
1739.00384687069 1.51406575495239
1737.96912224138 1.29844441574496
1736.93439761207 1.61211933046862
1735.89967298276 1.81948451833322
1734.86494835345 2.07074726979964
1733.83022372414 2.39553321208701
1732.79549909483 3.6321135711931
1731.76077446552 3.46184040034698
1730.72604983621 1.75566505681622
1729.6913252069 1.73854830249645
1728.65660057759 2.05698732800246
1727.62187594828 1.96131684397378
1726.58715131897 1.61112425886354
1725.55242668966 1.43316518548717
1724.51770206034 1.29877114698728
1723.48297743103 1.45654550321785
1722.44825280172 1.66578718965542
1721.41352817241 1.20223206495918
1720.3788035431 1.28825956519885
1719.34407891379 1.09481471616188
1718.30935428448 1.28868683271312
1717.27462965517 1.33895813518645
1716.23990502586 1.72365573274988
1715.20518039655 1.71839923172221
1714.17045576724 1.28083741322179
1713.13573113793 1.47301063441509
1712.10100650862 1.54590711499236
1711.06628187931 1.81140536484574
1710.03155725 1.69746163340692
1708.99683262069 1.45455801427703
1707.96210799138 1.93818381566978
1706.92738336207 2.62328388696147
1705.89265873276 2.23970059357577
1704.85793410345 2.52625651250739
1703.82320947414 3.05377077382379
1702.78848484483 2.68653864103522
1701.75376021552 2.66612363109973
1700.71903558621 3.39207872827353
1699.6843109569 4.35188466318694
1698.64958632759 3.99558364972369
1697.61486169828 4.49116081103942
1696.58013706897 4.75509613863078
1695.54541243966 5.37492144046699
1694.51068781034 5.91357860386222
1693.47596318103 6.46209886913702
1692.44123855172 6.6056506257983
1691.40651392241 7.22987342328529
1690.3717892931 8.49844482925219
1689.33706466379 8.84590305128272
1688.30234003448 9.33700076056109
1687.26761540517 9.99595031840632
1686.23289077586 11.0185441586698
1685.19816614655 11.4991388543274
1684.16344151724 12.3665176127959
1683.12871688793 13.1304811251188
1682.09399225862 13.8632545279952
1681.05926762931 14.8927236010536
1680.024543 16.0895526912272
1678.98981837069 16.6413636218387
1677.95509374138 17.0043781672149
1676.92036911207 18.6017371757426
1675.88564448276 18.9062247096808
1674.85091985345 20.3244681750248
1673.81619522414 21.9924809462373
1672.78147059483 22.8475758626237
1671.74674596552 24.3570121993211
1670.71202133621 25.9144293437513
1669.6772967069 25.2568393073177
1668.64257207759 26.1199025498051
1667.60784744828 25.9555201339432
1666.57312281897 25.1056585053694
1665.53839818966 25.0333275238595
1664.50367356034 24.7351709345205
1663.46894893103 24.8985969053811
1662.43422430172 23.7399037517002
1661.39949967241 23.8757103969985
1660.3647750431 23.2448287129507
1659.33005041379 23.4908757320351
1658.29532578448 22.7113353839869
1657.26060115517 23.6474891015439
1656.22587652586 22.2196626295847
1655.19115189655 22.0543533382133
1654.15642726724 22.253726753931
1653.12170263793 20.9288737552541
1652.08697800862 20.4502716940945
1651.05225337931 18.298477148241
1650.01752875 17.3935727489632
1648.98280412069 15.9146524537156
1647.94807949138 15.1661974413242
1646.91335486207 14.3353605210631
1645.87863023276 12.6590719708845
1644.84390560345 12.0023040361708
1643.80918097414 10.913558702663
1642.77445634483 9.92680071152905
1641.73973171552 8.81607698016243
1640.70500708621 8.38206478124067
1639.6702824569 7.44803811131232
1638.63555782759 6.87415767621113
1637.60083319828 6.37550158574607
1636.56610856897 6.17402845671727
1635.53138393966 4.72399364335555
1634.49665931034 4.7190347930228
1633.46193468103 4.35095094245648
1632.42721005172 3.79678523256369
1631.39248542241 3.51909492246786
1630.3577607931 3.19098704568832
1629.32303616379 2.91819293119903
1628.28831153448 2.69163067049618
1627.25358690517 2.42323635668104
1626.21886227586 1.63884756659131
1625.18413764655 1.72062718815185
1624.14941301724 1.45455801427703
1623.11468838793 1.9210950941595
1622.07996375862 1.38473371076042
1621.04523912931 2.37126194461511
1620.0105145 2.466045250759
1618.97578987069 2.67837911440953
1617.94106524138 3.24103033711226
1616.90634061207 3.37140585840014
1615.87161598276 3.18938132915399
1614.83689135345 3.23113277629743
1613.80216672414 3.48033642011702
1612.76744209483 3.73476420150482
1611.73271746552 2.98034516232562
1610.69799283621 2.97526358696056
1609.6632682069 3.32440955176121
1608.62854357759 3.27201215626486
1607.59381894828 3.51151670411032
1606.55909431897 4.61332269586002
1605.52436968966 4.25980936369389
1604.48964506034 4.19459068314046
1603.45492043103 4.12501776686986
1602.42019580172 4.05874927622703
1601.38547117241 3.51860751479832
1600.3507465431 2.71768570009565
1599.31602191379 2.20122351362398
1598.28129728448 1.88529049090233
1597.24657265517 1.71073097775474
1596.21184802586 1.53855127318263
1595.17712339655 1.53560354410103
1594.14239876724 1.94104930896802
1593.10767413793 1.83481618339075
1592.07294950862 1.45455801427703
1591.03822487931 1.3134497919384
1590.00350025 1.45940878462498
1588.96877562069 1.76560888107997
1587.93405099138 1.96890158158934
1586.89932636207 2.32286609297685
1585.86460173276 3.10165726186281
1584.82987710345 3.44638044560477
1583.79515247414 3.33271161730697
1582.76042784483 3.16659617311475
1581.72570321552 3.3391747398626
1580.69097858621 3.25982510188125
1579.6562539569 3.71251585979772
1578.62152932759 4.09757262191213
1577.58680469828 3.61151464833215
1576.55208006897 3.58181505081752
1575.51735543966 3.64423068325134
1574.48263081034 3.66092228881571
1573.44790618103 3.61620606938754
1572.41318155172 3.32409809420912
1571.37845692241 3.06515011542131
1570.3437322931 2.73734291613506
1569.30900766379 2.36297142746928
1568.27428303448 2.22109577204592
1567.23955840517 2.16368124870669
1566.20483377586 1.66727516373323
1565.17010914655 1.78715428379065
1564.13538451724 1.75846582319552
1563.10065988793 1.46858277764837
1562.06593525862 1.66488636789492
1561.03121062931 1.61909072231946
1559.996486 1.45455801427703
1558.96176137069 1.43027415066731
1557.92703674138 1.44428564269195
1556.89231211207 2.36763432677082
1555.85758748276 2.90183278333904
1554.82286285345 3.10490026676676
1553.78813822414 2.57977978386445
1552.75341359483 3.2892405528783
1551.71868896552 3.28940139228697
1550.68396433621 2.51151691249374
1549.6492397069 2.74472017836401
1548.61451507759 2.78805436165725
1547.57979044828 2.56577828027443
1546.54506581897 2.83374250932451
1545.51034118966 2.0387508212679
1544.47561656034 2.14309208144971
1543.44089193103 1.40389925832951
1542.40616730172 1.86092627743746
1541.37144267241 0.748677039693267
1540.3367180431 1.50651487091242
1539.30199341379 1.6255584782049
1538.26726878448 1.12067421458677
1537.23254415517 1.27287555981262
1536.19781952586 1.15206080981345
1535.16309489655 1.29970975716126
1534.12837026724 1.51025599369552
1533.09364563793 1.41629532478198
1532.05892100862 1.21022006524965
1531.02419637931 1.70417607335937
1529.98947175 1.96689560589541
1528.95474712069 1.26951201848442
1527.92002249138 1.49950881057873
1526.88529786207 1.98447397024941
1525.85057323276 1.23421563795633
1524.81584860345 0.900565088004937
1523.78112397414 1.27996227268129
1522.74639934483 1.41225233706931
1521.71167471552 2.02941505751326
1520.67695008621 1.65389084761354
1519.6422254569 1.45455801427703
1518.60750082759 1.41293522934731
1517.57277619828 1.11528506994138
1516.53805156897 1.53773843812238
1515.50332693966 1.58380833491306
1514.46860231034 0.754215661611924
1513.43387768103 0.469846837331971
1512.39915305172 0.621247128728136
1511.36442842241 0.539306714325051
1510.3297037931 0.565921445508935
1509.29497916379 0.580582535029525
1508.26025453448 0.113372504737548
1507.22552990517 0.0968252308892145
1506.19080527586 0.0831884099364254
1505.15608064655 0
1504.12135601724 0.415821862503845
1503.08663138793 0.468564243164976
1502.05190675862 1.03227274982079
1501.01718212931 0.956408237329779
1499.9824575 0.742399413311481
1498.94773287069 1.46236144971623
1497.91300824138 1.79756397888939
1496.87828361207 2.59197382316738
1495.84355898276 3.48976245231222
1494.80883435345 3.68692546703083
1493.77410972414 5.26801161590685
1492.73938509483 5.76619492046679
1491.70466046552 6.94182757449845
1490.66993583621 8.50517119013359
1489.6352112069 9.19761641630847
1488.60048657759 12.026421705267
1487.56576194828 13.1615842024706
1486.53103731897 15.2263747330816
1485.49631268966 17.4802235834022
1484.46158806034 20.4689693917681
1483.42686343103 23.0696581590617
1482.39213880172 26.3525080462807
1481.35741417241 30.6475251518766
1480.3226895431 33.1962910558088
1479.28796491379 37.562374057612
1478.25324028448 42.2055245475391
1477.21851565517 46.200732827699
1476.18379102586 50.8483445855901
1475.14906639655 55.670535414403
1474.11434176724 60.3741327441237
1473.07961713793 65.5753738632368
1472.04489250862 70.1818185789003
1471.01016787931 74.4648478167283
1469.97544325 79.0823579949984
1468.94071862069 83.8198167001409
1467.90599399138 88.2839655476352
1466.87126936207 90.8285161458953
1465.83654473276 92.6609178987939
1464.80182010345 95.6571834151766
1463.76709547414 97.839399240408
1462.73237084483 98.8610625497208
1461.69764621552 99.7143068583017
1460.66292158621 99.6739024295644
1459.6281969569 99.3320108389789
1458.59347232759 100
1457.55874769828 98.9412090738633
1456.52402306897 95.8866300051768
1455.48929843966 94.0961850094833
1454.45457381034 90.386021088433
1453.41984918103 87.1144182950059
1452.38512455172 83.8289375612114
1451.35039992241 80.6288014819447
1450.3156752931 78.0874203839543
1449.28095066379 74.341340892562
1448.24622603448 70.3654596513057
1447.21150140517 67.8275240975962
1446.17677677586 63.8090774798321
1445.14205214655 62.5205759337453
1444.10732751724 60.8606097662962
1443.07260288793 58.8670280899077
1442.03787825862 58.0174314691726
1441.00315362931 57.363176312615
1439.968429 56.6826568117092
1438.93370437069 57.2827477607137
1437.89897974138 57.0069302471836
1436.86425511207 56.4017125303861
1435.82953048276 55.7083352831445
1434.79480585345 52.5982147903643
1433.76008122414 48.589287360336
1432.72535659483 44.5583520095233
1431.69063196552 39.3172595275839
1430.65590733621 35.0227110402246
1429.6211827069 31.0510793074619
1428.58645807759 26.2236728393994
1427.55173344828 22.60589055312
1426.51700881897 19.3150626540452
1425.48228418966 16.4264020781094
1424.44755956034 14.3101709462493
1423.41283493103 12.8476732207573
1422.37811030172 10.5523584667948
1421.34338567241 9.95514092733039
1420.3086610431 9.71477900392254
1419.27393641379 7.63828933882487
1418.23921178448 6.94361173243812
1417.20448715517 6.40930053927221
1416.16976252586 5.33381234978647
1415.13503789655 4.72702554071486
1414.10031326724 4.40860854098774
1413.06558863793 4.11122259779629
1412.03086400862 2.77136976429526
1410.99613937931 1.9140302906544
1409.96141475 2.17573242312664
1408.92669012069 2.11653560449289
1407.89196549138 1.45455801427703
1406.85724086207 1.35039861811101
1405.82251623276 1.92774909127684
1404.78779160345 2.20797120179235
1403.75306697414 2.1563973282828
1402.71834234483 2.62913925168783
1401.68361771552 2.73383716184968
1400.64889308621 2.22664277586775
1399.6141684569 2.61032111072222
1398.57944382759 2.80487281335631
1397.54471919828 2.33905504046452
1396.50999456897 3.02217090572747
1395.47526993966 2.94091224273222
1394.44054531034 2.8797713580727
1393.40582068103 1.7907999692929
1392.37109605172 2.52091286296977
1391.33637142241 2.51665937307213
1390.3016467931 1.45455801427703
1389.26692216379 1.99124563997408
1388.23219753448 2.28804755077885
1387.19747290517 1.95312178739186
1386.16274827586 1.7783710504366
1385.12802364655 1.50608287693609
1384.09329901724 1.88978493723315
1383.05857438793 2.31238808536725
1382.02384975862 2.30698545982758
1380.98912512931 2.18586786701015
1379.9544005 2.82343835635656
1378.91967587069 2.8586767387713
1377.88495124138 2.40593852996964
1376.85022661207 2.55847245048696
1375.81550198276 2.40836227368758
1374.78077735345 2.66834225102056
1373.74605272414 3.2899601625488
1372.71132809483 3.59004819849274
1371.67660346552 3.60022927718242
1370.64187883621 3.7680371440407
1369.6071542069 4.12493969875503
1368.57242957759 5.41237446139855
1367.53770494828 4.1516715437527
1366.50298031897 4.31113983604851
1365.46825568966 4.56439035585252
1364.43353106034 3.79093077587684
1363.39880643103 4.53674669948796
1362.36408180172 3.98884620610365
1361.32935717241 3.72748687018815
1360.2946325431 3.36097013283544
1359.25990791379 3.17531107067487
1358.22518328448 3.20170892011414
1357.19045865517 3.18212092462511
1356.15573402586 2.70787116668836
1355.12100939655 2.21519565726984
1354.08628476724 2.04568731180525
1353.05156013793 1.71414106192862
1352.01683550862 1.45455801427703
1350.98211087931 1.81706952904748
1349.94738625 1.93894149315053
1348.91266162069 1.96858670142679
1347.87793699138 2.78885481012726
1346.84321236207 2.35738207175335
1345.80848773276 3.56907541946719
1344.77376310345 4.07183088922683
1343.73903847414 4.60714977341871
1342.70431384483 5.0513486389656
1341.66958921552 4.75521001609862
1340.63486458621 5.70981931074285
1339.6001399569 5.68764188924982
1338.56541532759 5.56277341804532
1337.53069069828 4.94156372848469
1336.49596606897 4.22300333255506
1335.46124143966 4.30685093260995
1334.42651681034 4.20174275157082
1333.39179218103 4.24821730802027
1332.35706755172 4.48222437512181
1331.32234292241 4.54612495483507
1330.2876182931 4.2535252646202
1329.25289366379 3.94743932502983
1328.21816903448 4.48424753371725
1327.18344440517 5.19141273228252
1326.14871977586 5.31147651032346
1325.11399514655 6.2177839470603
1324.07927051724 8.3658940643924
1323.04454588793 9.33105873626914
1322.00982125862 8.36759568386888
1320.97509662931 7.37180835739053
1319.940372 7.86521774899802
1318.90564737069 8.45770409993308
1317.87092274138 8.37860512742275
1316.83619811207 8.78062125034179
1315.80147348276 9.43793368279886
1314.76674885345 10.2622326487355
1313.73202422414 10.6740344107789
1312.69729959483 10.3949346370983
1311.66257496552 10.4207949271474
1310.62785033621 10.600128190266
1309.5931257069 10.8627474426438
1308.55840107759 11.3018155124276
1307.52367644828 11.4741209455473
1306.48895181897 11.4463481613077
1305.45422718966 11.2300863981317
1304.41950256034 12.0727997534147
1303.38477793103 12.4006914935076
1302.35005330172 13.7035617636758
1301.31532867241 14.4580063443766
1300.2806040431 15.6823137345915
1299.24587941379 18.3538742173356
1298.21115478448 20.0101704383293
1297.17643015517 24.5606972427482
1296.14170552586 30.0118732801666
1295.10698089655 34.244097241723
1294.07225626724 33.3141721862634
1293.03753163793 27.3060081823044
1292.00280700862 19.9903773888923
1290.96808237931 14.0389572628864
1289.93335775 9.62909849119119
1288.89863312069 6.60322893099003
1287.86390849138 4.68845316318061
1286.82918386207 3.25461709947666
1285.79445923276 2.16883935550434
1284.75973460345 1.45455801427703
1283.72500997414 2.2284879820022
1282.69028534483 1.76151483360713
1281.65556071552 2.67291734988636
1280.62083608621 3.11413589006153
1279.5861114569 3.68685352236192
1278.55138682759 4.17447469760069
1277.51666219828 4.71649184001528
1276.48193756897 5.53456761537459
1275.44721293966 6.40810742192159
1274.41248831034 7.03280028119516
1273.37776368103 7.36863599330388
1272.34303905172 7.79709925590947
1271.30831442241 8.38282723174962
1270.2735897931 8.90760964455726
1269.23886516379 9.74834696616706
1268.20414053448 10.5051538000128
1267.16941590517 11.1654297474691
1266.13469127586 11.8519130656151
1265.09996664655 12.944478358362
1264.06524201724 13.2839737025285
1263.03051738793 14.2782841842338
1261.99579275862 14.0613604369716
1260.96106812931 15.3202313732636
1259.9263435 15.1881718344959
1258.89161887069 16.2558187535628
1257.85689424138 16.6228241093044
1256.82216961207 16.9952768173523
1255.78744498276 17.3510731936784
1254.75272035345 17.3615896183442
1253.71799572414 17.8663680837179
1252.68327109483 17.9532771040577
1251.64854646552 18.0004446809181
1250.61382183621 18.2368367720015
1249.5790972069 18.9837145430464
1248.54437257759 19.4745922273664
1247.50964794828 19.0744469685188
1246.47492331897 18.6885804679917
1245.44019868966 18.5046914542338
1244.40547406034 18.2220489061955
1243.37074943103 18.3755876306388
1242.33602480172 18.3781562648663
1241.30130017241 17.8947795922623
1240.2665755431 17.0709645648186
1239.23185091379 16.939182839575
1238.19712628448 16.3848176403867
1237.16240165517 16.2929687221285
1236.12767702586 15.597806152794
1235.09295239655 15.2702503174707
1234.05822776724 15.0255592574891
1233.02350313793 14.2603213466379
1231.98877850862 13.683663521354
1230.95405387931 13.3435870319008
1229.91932925 12.7299455955461
1228.88460462069 11.9226069450198
1227.84987999138 11.5857004447807
1226.81515536207 10.9884032772361
1225.78043073276 10.2569858567456
1224.74570610345 9.4581347679389
1223.71098147414 9.74118905368754
1222.67625684483 8.65568302307643
1221.64153221552 8.91002719498007
1220.60680758621 7.99016861896733
1219.5720829569 8.35069727812677
1218.53735832759 8.37617111587342
1217.50263369828 7.59926196364669
1216.46790906897 7.48557129583451
1215.43318443966 7.31299370697536
1214.39845981034 7.13004982264946
1213.36373518103 6.79931941134839
1212.32901055172 6.66352964627173
1211.29428592241 6.35199248938635
1210.2595612931 6.97104667941366
1209.22483666379 7.34447406310227
1208.19011203448 7.39076943308831
1207.15538740517 7.75549973076105
1206.12066277586 7.45194682559277
1205.08593814655 7.2964241046683
1204.05121351724 6.85575395050825
1203.01648888793 6.70349004368845
1201.98176425862 5.78792421281988
1200.94703962931 5.30241371721551
1199.912315 4.97940799802994
1198.87759037069 4.47682216867731
1197.84286574138 3.74847906728938
1196.80814111207 2.6604360674183
1195.77341648276 2.62127739904012
1194.73869185345 2.39829141702463
1193.70396722414 1.91395373593875
1192.66924259483 1.90570738676603
1191.63451796552 1.95780077529089
1190.59979333621 1.91920229744148
1189.5650687069 1.57707622311476
1188.53034407759 1.9430294404605
1187.49561944828 1.12368706639942
1186.46089481897 1.68464693745706
1185.42617018966 1.45455801427703
1184.39144556034 2.00694252317933
1183.35672093103 2.21536564692281
1182.32199630172 2.20449452805437
1181.28727167241 2.27054660261389
1180.2525470431 2.64310960253773
1179.21782241379 3.65697417959035
1178.18309778448 4.30670485466409
1177.14837315517 4.63943758621799
1176.11364852586 5.01043154043388
1175.07892389655 5.29593271326645
1174.04419926724 5.83509055567791
1173.00947463793 6.16381976431325
1171.97475000862 6.79185674683933
1170.94002537931 7.52012753102931
1169.90530075 5.92615229681277
1168.87057612069 6.60932308682458
1167.83585149138 6.72762137994348
1166.80112686207 5.20589626515421
1165.76640223276 4.57898590354691
1164.73167760345 3.88646375012735
1163.69695297414 3.76665038144371
1162.66222834483 3.424242908001
1161.62750371552 3.02713888302146
1160.59277908621 3.1357927255183
1159.5580544569 3.1297609450132
1158.52332982759 2.85046475540159
1157.48860519828 2.99114678124691
1156.45388056897 2.72526629332576
1155.41915593966 3.29184529913865
1154.38443131035 2.24096230283402
1153.34970668103 3.22912277263336
1152.31498205172 2.17854494745344
1151.28025742241 2.07936631098375
1150.2455327931 2.03636225826022
1149.21080816379 2.18789344704428
1148.17608353448 1.85177365826717
1147.14135890517 1.45455801427703
1146.10663427586 1.7936814347733
1145.07190964655 2.41130017731602
1144.03718501724 2.45956010242448
1143.00246038793 2.60648704194615
1141.96773575862 3.28961513081789
1140.93301112931 3.17072453982446
1139.8982865 3.28917820083191
1138.86356187069 4.53564841405853
1137.82883724138 4.87305014507683
1136.79411261207 6.0049758306716
1135.75938798276 8.49431907024568
1134.72466335345 10.3664456192326
1133.68993872414 12.7856839245152
1132.65521409483 16.0470238691305
1131.62048946552 20.1318689436027
1130.58576483621 24.638231686465
1129.5510402069 28.6119345875019
1128.51631557759 31.3455450887199
1127.48159094828 33.2376710449433
1126.44686631897 35.2035068988808
1125.41214168966 35.7952394140408
1124.37741706034 36.3463718761565
1123.34269243103 38.8080479667541
1122.30796780172 39.8871558811253
1121.27324317241 41.6591556374121
1120.2385185431 42.7546534088335
1119.20379391379 44.2890265593978
1118.16906928448 45.9942849925706
1117.13434465517 48.3266504826785
1116.09962002586 50.2258475521174
1115.06489539655 50.8809827852251
1114.03017076724 51.5315383559865
1112.99544613793 52.7056081343222
1111.96072150862 53.7090567298487
1110.92599687931 53.3107234522027
1109.89127225 54.7659552550795
1108.85654762069 53.3513898386972
1107.82182299138 54.3993736278264
1106.78709836207 53.6990157453574
1105.75237373276 53.4836101935905
1104.71764910345 54.1230342709746
1103.68292447414 54.5220829673396
1102.64819984483 54.8696916445321
1101.61347521552 54.7758583805468
1100.57875058621 54.1667503430896
1099.5440259569 54.1230225828763
1098.50930132759 54.1020908053271
1097.47457669828 54.2340876660855
1096.43985206897 55.0192577194002
1095.40512743966 56.4125192250154
1094.37040281034 58.3123402572964
1093.33567818103 57.7486008540142
1092.30095355172 58.1760044577941
1091.26622892241 59.1847682975197
1090.2315042931 59.5302522786731
1089.19677966379 60.0878477702122
1088.16205503448 60.6641423331257
1087.12733040517 61.1681070321165
1086.09260577586 61.5090545642909
1085.05788114655 60.5096667214552
1084.02315651724 61.4401478463412
1082.98843188793 61.8126635350782
1081.95370725862 61.7853393223568
1080.91898262931 62.2316241409238
1079.884258 62.6984913513759
1078.84953337069 61.8934315074918
1077.81480874138 61.9217376136039
1076.78008411207 63.3311999410696
1075.74535948276 63.4322070897166
1074.71063485345 62.9306042946248
1073.67591022414 63.2150083228981
1072.64118559483 63.6240977243576
1071.60646096552 64.7454384632282
1070.57173633621 65.8460510582305
1069.5370117069 66.8003187437542
1068.50228707759 69.7078296844167
1067.46756244828 71.8917915532113
1066.43283781897 73.7351123415248
1065.39811318966 77.8330883890933
1064.36338856034 82.0853185332579
1063.32866393103 85.4838964262707
1062.29393930172 87.6607211743623
1061.25921467241 88.1495508337742
1060.2244900431 86.9048937193362
1059.18976541379 84.2644576877971
1058.15504078448 80.301966397162
1057.12031615517 76.0756501639438
1056.08559152586 74.2012398024558
1055.05086689655 73.6626397524175
1054.01614226724 71.2719866706226
1052.98141763793 69.529268976657
1051.94669300862 68.3203953244538
1050.91196837931 67.7817975328727
1049.87724375 67.1011657610305
1048.84251912069 66.0612690416307
1047.80779449138 64.4573333124764
1046.77306986207 62.755425126002
1045.73834523276 61.9216870660711
1044.70362060345 59.5315897044566
1043.66889597414 58.6638467057291
1042.63417134483 55.5660002761441
1041.59944671552 53.2410204301684
1040.56472208621 51.0661112729148
1039.5299974569 48.9589659843964
1038.49527282759 46.6943988219589
1037.46054819828 44.3647710244089
1036.42582356897 41.9292160873137
1035.39109893966 39.8979076742888
1034.35637431035 37.9956434336481
1033.32164968103 35.4630338576303
1032.28692505172 34.4655361805264
1031.25220042241 31.9846125859731
1030.2174757931 31.0637853879164
1029.18275116379 27.7282234578692
1028.14802653448 24.7592890227119
1027.11330190517 21.6615336531916
1026.07857727586 18.4342330597421
1025.04385264655 15.8293027467628
1024.00912801724 13.9644047045066
1022.97440338793 12.0927248178266
1021.93967875862 10.1264565741006
1020.90495412931 8.79900765344478
1019.8702295 7.30647139887011
1018.83550487069 6.21506178430632
1017.80078024138 5.07185682772469
1016.76605561207 3.51980067871506
1015.73133098276 2.81172720780869
1014.69660635345 2.81797291310923
1013.66188172414 1.89641697842079
1012.62715709483 1.8236375418081
1011.59243246552 1.95819863629485
1010.55770783621 1.70164657796306
1009.5229832069 1.9158249492561
1008.48825857759 1.45455801427703
1007.45353394828 2.2145889238954
1006.41880931897 2.02430691617176
1005.38408468966 4.33629737336568
1004.34936006034 8.08136009333687
1003.31463543103 13.4525636940851
1002.27991080172 17.2638758125864
1001.24518617241 16.4375005095353
1000.2104615431 11.6848236442741
999.175736913793 6.70245888333359
998.141012284483 3.54306807358355
997.106287655173 1.54016253108628
996.071563025862 1.65520038028602
995.036838396552 1.9145996081444
994.002113767241 1.45455801427703
992.967389137931 2.04415433156401
991.932664508621 1.99684659065605
990.89793987931 2.55104200973898
989.86321525 3.20789432227795
988.82849062069 3.35501933082822
987.793765991379 3.62424501302285
986.759041362069 4.23018559911991
985.724316732759 4.70009979435711
984.689592103448 5.80715488312001
983.654867474138 6.65261456897776
982.620142844828 7.30209062045954
981.585418215517 8.81269080769566
980.550693586207 9.59963484425089
979.515968956897 10.8931725637273
978.481244327586 11.9341125739585
977.446519698276 12.3501796071302
976.411795068966 12.8116859385771
975.377070439655 13.3235711169717
974.342345810345 13.1877440524259
973.307621181035 13.0002538238187
972.272896551724 13.236476600458
971.238171922414 12.6247426990012
970.203447293104 11.3317813517833
969.168722663793 9.8957771691251
968.133998034483 8.46090710453245
967.099273405173 7.02286702744264
966.064548775862 6.13626551491587
965.029824146552 6.1973444433411
963.995099517241 6.18547627380711
962.960374887931 5.08679740714999
961.925650258621 4.38031805781189
960.89092562931 4.05153622945108
959.856201 3.95912623590769
958.82147637069 3.51213116746213
957.786751741379 3.23380555567187
956.752027112069 2.47380016429205
955.717302482759 2.41834642421881
954.682577853448 2.01571350964152
953.647853224138 1.74612826708381
952.613128594828 2.26577450574044
951.578403965517 2.04472118104918
950.543679336207 1.45455801427703
949.508954706897 1.40766252330683
948.474230077586 1.398925669817
947.439505448276 1.80190047291152
946.404780818966 1.27190407395174
945.370056189655 1.77894763224268
944.335331560345 2.26310191263051
943.300606931035 2.64368609121155
942.265882301724 3.11265068666838
941.231157672414 3.52020741056656
940.196433043104 4.56055307401357
939.161708413793 6.22920585009949
938.126983784483 7.68906516202005
937.092259155173 9.30750314362987
936.057534525862 11.369633025343
935.022809896552 13.0854900956819
933.988085267241 15.309134129274
932.953360637931 17.6875264192204
931.918636008621 19.7469417517416
930.88391137931 21.8623927612469
929.84918675 24.098334327363
928.81446212069 25.0752589723736
927.779737491379 27.3141473828149
926.745012862069 28.6515052729872
925.710288232759 28.2086093975717
924.675563603448 28.5112136808483
923.640838974138 29.215393198937
922.606114344828 28.898783640214
921.571389715517 28.5620904594106
920.536665086207 28.0556688150521
919.501940456897 26.4290896771543
918.467215827586 26.900267816824
917.432491198276 26.0491332565549
916.397766568966 25.0919054087931
915.363041939655 23.8558200709186
914.328317310345 22.8205530957367
913.293592681035 23.1984135748815
912.258868051724 22.5836850289683
911.224143422414 21.5572722539206
910.189418793104 20.7657829673881
909.154694163793 19.4712070327884
908.119969534483 18.9871236027654
907.085244905173 18.5158819701792
906.050520275862 17.3745580756512
905.015795646552 16.768959261656
903.981071017241 15.0166836136525
902.946346387931 13.3900270828488
901.911621758621 12.2944476344377
900.87689712931 11.7791626862667
899.8421725 11.1522345363983
898.80744787069 9.58778744321032
897.772723241379 7.68703073442146
896.737998612069 6.4706532998175
895.703273982759 6.24086645111462
894.668549353448 4.27036238933689
893.633824724138 4.20862790295124
892.599100094828 3.45367810303664
891.564375465517 3.12000687772408
890.529650836207 3.18706603794989
889.494926206897 2.98184235649692
888.460201577586 2.84760715506217
887.425476948276 2.78610491724361
886.390752318966 2.86851548656554
885.356027689655 1.45455801427703
884.321303060345 1.66439877396086
883.286578431035 1.56846416684996
882.251853801724 3.20008169002833
881.217129172414 5.02699501929502
880.182404543104 6.02916898346254
879.147679913793 7.18923383559781
878.112955284483 9.29730928253785
877.078230655173 11.2858028410202
876.043506025862 13.6429484499718
875.008781396552 15.6307861245309
873.974056767241 17.8348687053274
872.939332137931 20.0145771540735
871.904607508621 23.1279855182227
870.86988287931 25.638460583435
869.83515825 27.2788525855352
868.80043362069 29.4652654392331
867.765708991379 31.9069109000049
866.730984362069 33.175291780656
865.696259732759 36.5199799035955
864.661535103448 37.2566278179308
863.626810474138 38.9320677004131
862.592085844828 41.7605564095454
861.557361215517 43.6239091315362
860.522636586207 45.329616811436
859.487911956897 47.8786673741133
858.453187327586 49.9331234139235
857.418462698276 51.568065758694
856.383738068966 54.2031032159466
855.349013439655 58.4458626244324
854.314288810345 60.7763659117688
853.279564181035 63.1089916366872
852.244839551724 64.6644078112823
851.210114922414 66.3704389395123
850.175390293104 67.7464025718501
849.140665663793 67.6269546774279
848.105941034483 67.4933077226144
847.071216405173 65.1846774074213
846.036491775862 64.400706175808
845.001767146552 61.955302525767
843.967042517241 59.533418961692
842.932317887931 56.7014407731363
841.897593258621 53.6808824990133
840.86286862931 50.5165025709468
839.828144 47.1311727881271
838.79341937069 43.7232155687463
837.758694741379 39.7909426223
836.723970112069 36.8311750322653
835.689245482759 34.8544454748869
834.654520853448 32.2068547672142
833.619796224138 30.1024268684216
832.585071594828 28.9535726022333
831.550346965517 29.0796809431817
830.515622336207 29.5336660299296
829.480897706897 28.9797721498133
828.446173077586 30.2476975671592
827.411448448276 30.9863358342523
826.376723818966 33.4615625984644
825.341999189655 35.0236808962709
824.307274560345 36.2072294895088
823.272549931035 36.7625050565141
822.237825301724 37.397263510478
821.203100672414 38.488785698658
820.168376043104 38.9764728115351
819.133651413793 38.2595867938966
818.098926784483 37.7335125901116
817.064202155173 36.4161823495329
816.029477525862 34.8122108343086
814.994752896552 32.5161558884466
813.960028267241 29.9040480353646
812.925303637931 27.1661867916505
811.890579008621 24.4715148407201
810.85585437931 22.0309709482898
809.82112975 19.2682459529648
808.78640512069 16.6477188739571
807.751680491379 14.1145337405881
806.716955862069 11.6366008789364
805.682231232759 9.58420743923267
804.647506603448 7.54190022301439
803.612781974138 5.93286168434025
802.578057344828 5.09603850196489
801.543332715517 4.25292991666424
800.508608086207 3.03755290877017
799.473883456897 1.57617100085508
798.439158827586 1.35064797973043
797.404434198276 1.87374276618328
796.369709568966 1.43934423137441
795.334984939655 1.14248201743292
794.300260310345 1.38534382017919
793.265535681035 1.45455801427703
792.230811051724 1.6535718463486
791.196086422414 2.16150600513478
790.161361793104 2.53166249080833
789.126637163793 2.68617526224958
788.091912534483 3.97775466646481
787.057187905173 4.35443793059197
786.022463275862 4.49222610436665
784.987738646552 5.40599178183032
783.953014017241 6.6759936061399
782.918289387931 7.46311084541099
781.883564758621 7.35875195994944
780.84884012931 7.62249168651702
779.8141155 7.31483439619533
778.77939087069 6.77715675131817
777.744666241379 6.24120072606979
776.709941612069 5.37851352835505
775.675216982759 4.42650311263895
774.640492353448 4.01206472982002
773.605767724138 2.84318542174138
772.571043094828 2.10604667712609
771.536318465517 1.78103169933451
770.501593836207 1.09194205167981
769.466869206897 1.22725477005058
768.432144577586 1.74211880698384
767.397419948276 1.80145117961835
766.362695318966 1.45455801427703
765.327970689655 1.29659560073553
764.293246060345 1.43291715100243
763.258521431035 1.48736462031663
762.223796801724 1.92072575490939
761.189072172414 2.17501004277147
760.154347543104 2.46775141043303
759.119622913793 2.66992386958327
758.084898284483 3.12279476856878
757.050173655173 4.23105012258306
756.015449025862 3.93597728198766
754.980724396552 3.30060725177187
753.945999767242 3.63710953473046
752.911275137931 2.46097012480278
751.876550508621 2.14100622156193
750.84182587931 2.78802744643484
749.80710125 2.82929614252162
748.77237662069 1.77826567128726
747.737651991379 1.8632246185707
746.702927362069 2.78380175651605
745.668202732759 2.59322586995392
744.633478103448 2.6616492547704
743.598753474138 2.43113834933171
742.564028844828 1.60683300383548
741.529304215517 1.25305093854038
740.494579586207 1.83640755755743
739.459854956897 1.78382566705901
738.425130327586 1.03772112658194
737.390405698276 1.45455801427703
736.355681068966 1.06604693016644
735.320956439655 1.01235145726529
734.286231810345 1.77208171267344
733.251507181035 2.09990972701924
732.216782551724 1.62071129344886
731.182057922414 1.80593824521777
730.147333293104 2.32615629265228
729.112608663793 1.82194607374769
728.077884034483 2.48608142195411
727.043159405172 3.56238603209201
726.008434775862 3.13873819614266
724.973710146552 3.11319495158112
723.938985517241 3.66437765854978
722.904260887931 2.60497580808703
721.869536258621 2.68489283106404
720.83481162931 2.28971145169104
719.800087 3.23852733784321
718.76536237069 2.87703657589784
717.730637741379 3.01370432204886
716.695913112069 3.16174726541195
715.661188482759 2.80663983496061
714.626463853448 2.35522920320631
713.591739224138 1.33208911896965
712.557014594828 1.60228277128243
711.522289965517 1.20926257251046
710.487565336207 1.24398397776391
709.452840706897 1.6299928775127
708.418116077586 1.76339037757446
707.383391448276 1.45455801427703
706.348666818966 1.34175203306176
705.313942189655 2.27361728955843
704.279217560345 2.28610243701518
703.244492931035 1.74783214501753
702.209768301724 1.90471739086898
701.175043672414 2.72617153886849
700.140319043104 3.06263915334424
699.105594413793 2.77850376506767
698.070869784483 2.75603891414498
697.036145155173 2.70709118403194
696.001420525862 3.15676422397531
694.966695896552 4.15358084816336
693.931971267242 4.42668898134182
692.897246637931 4.81725877728715
691.862522008621 5.58645078111125
690.82779737931 6.20738258729861
689.79307275 6.31981007901947
688.75834812069 7.10208525580868
687.723623491379 7.9878986366065
686.688898862069 9.05612281268838
685.654174232759 9.8164013609794
684.619449603448 10.9158521310696
683.584724974138 11.7429722127838
682.550000344828 12.3364396189191
681.515275715517 13.9657127004968
680.480551086207 15.8698100866447
679.445826456897 15.8831264627825
678.411101827586 16.8381907550707
677.376377198276 16.9220447114022
676.341652568966 17.1368968014458
675.306927939655 18.0926055922389
674.272203310345 18.9578661739262
673.237478681035 18.4551721248904
672.202754051724 18.6628575014562
671.168029422414 17.9186836159599
670.133304793104 16.6653563074454
669.098580163793 16.2037405223129
668.063855534483 15.8994736652587
667.029130905172 15.3372346226445
665.994406275862 14.5751200417464
664.959681646552 13.3815700452266
663.924957017241 12.7348767157492
662.890232387931 11.8378083016346
661.855507758621 11.2305968327519
660.82078312931 10.1138629974131
659.7860585 9.48962627665364
658.75133387069 9.23494117083841
657.71660924138 8.2415194968324
656.681884612069 8.52995165822328
655.647159982759 6.32235121594797
654.612435353448 6.77768339095118
653.577710724138 6.82673994610709
652.542986094828 6.55585397187524
651.508261465517 6.22453258983431
650.473536836207 5.91842110872232
649.438812206897 5.88996694560395
648.404087577586 6.44618882947745
647.369362948276 5.62222458087425
646.334638318966 5.94939617578625
645.299913689655 5.64728821759282
644.265189060345 5.58466969653607
643.230464431035 6.52817892993991
642.195739801724 7.46751153084159
641.161015172414 6.10368654739663
640.126290543104 6.11273520768451
639.091565913793 5.53013011941922
638.056841284483 3.84172145366709
637.022116655173 2.88065818671152
635.987392025862 2.42310056984962
634.952667396552 2.10109341472878
633.917942767242 2.78948163678625
632.883218137931 2.01837618416603
631.848493508621 1.82174898260779
630.81376887931 1.44808997899482
629.77904425 1.45455801427703
628.74431962069 1.58145974892691
627.709594991379 1.47068020921915
626.674870362069 1.46311321329864
625.640145732759 1.71855583361316
624.605421103448 1.03539775615451
623.570696474138 1.25943161576507
622.535971844828 1.55228143594048
621.501247215517 3.01283232472204
620.466522586207 4.55839997263588
619.431797956897 4.3559926106492
618.397073327586 2.64754318693828
617.362348698276 2.48257715778485
616.327624068966 1.71479852910032
615.292899439655 1.6329636801111
614.258174810345 1.46553362753837
613.223450181035 1.38067223629464
612.188725551724 1.45455801427703
611.154000922414 1.36890951575919
610.119276293104 2.56360268745655
609.084551663793 1.44093013402096
608.049827034483 1.43394467919924
607.015102405172 2.38941938206307
605.980377775862 2.68927505302459
604.945653146552 2.48154413478485
603.910928517241 2.84944146472249
602.876203887931 2.17559388889363
601.841479258621 1.77819437854416
600.80675462931 2.28020288103265
599.77203 2.67269071253778
